76.53 78.75 67.78 32.59 05.97
68.77 25.39 51.86  2.48 40.29
89.37 10.68 82.31 17.85 25.87 64.17 92.64 47.88 44.54 85.05
 7.48  1.09  3.15  8.63 20.26  7.27 24.19 72.09  9.69 69.78
75.43 86.23 48.53 43.22 18.81 54.50 11.99 44.20  6.37 14.47
84.50 95.73 25.15 66.81 13.58 51.03 30.98  6.22 98.91 75.51
91.27  6.39 76.60 94.42 15.01 96.86  1.69 39.20 68.95 11.38
 8.98 44.38 97.61 57.51 87.60 16.42 12.01 99.59 60.63 18.38
14.05 45.13 14.11 39.21 11.93 27.70 90.23 42.91 33.92 89.14
18.42 25.19 95.53 95.03 19.62 10.54 91.89 21.31 49.74 60.83
32.69 58.72  5.22 30.30 16.23 92.81 46.72 28.24 92.40  7.35
